{
  "meta": {
    "slug": "swap-stepwise-joint-from-summaries",
    "tier": "full",
    "source": "stats::lm on standardized data (R 4.5.2)",
    "tolerance": {
      "abs": 1e-08,
      "rel": 1e-08
    },
    "seed": 2,
    "generated": "2026-07-05T09:14:46-0600",
    "generator": "equivalence/generate/swap_stepwise_full_oracles.R"
  },
  "inputs": {
    "R": [
      [1, 0.9132082113961807, 0.05472455915360405, 0.0891535321338215, -0.004900706331557809, -0.0105600338442248, 0.1457756874441469, -0.1354707766483617, -0.1454105320040873, -0.09156777826254413, 0.05140420783429878, 0.05129474262543128],
      [0.9132082113961807, 1, 0.07087910130320998, 0.08450009898223196, 0.008833412529260516, -0.002532492365845502, 0.1908980130562067, -0.1295635303983678, -0.1008038343774315, -0.08884725982680826, 0.0237250477791118, 0.02163833694532997],
      [0.05472455915360405, 0.07087910130320998, 1, 0.9520658368221345, -0.03623171118462326, -0.02178919753486338, -0.04111591090995345, -0.01513872970969287, 0.01347122451105568, -0.1199566188722891, 0.009400346854615056, -0.02990272801219063],
      [0.0891535321338215, 0.08450009898223196, 0.9520658368221345, 1, -0.05286224837246336, 0.002050481680377562, -0.04886891924841211, -0.004346446405555112, -0.007833332026324637, -0.1434821376787566, -0.009241243580771835, -0.03184039194435027],
      [-0.004900706331557809, 0.008833412529260516, -0.03623171118462326, -0.05286224837246336, 1, -0.1127803679698301, -0.09647974166664278, -0.08465362592800767, 0.0357732630337174, 0.04043639566401483, 0.08638529395736311, 0.02126123958013672],
      [-0.0105600338442248, -0.002532492365845502, -0.02178919753486338, 0.002050481680377562, -0.1127803679698301, 1, -0.02148984290341915, 0.06587652700482993, 0.01560527735448859, -0.01685194451599326, 0.01547496645163949, -0.0109412651444762],
      [0.1457756874441469, 0.1908980130562067, -0.04111591090995345, -0.04886891924841211, -0.09647974166664278, -0.02148984290341915, 1, -0.07582752849634319, 0.004095113719604488, 0.05017071256530459, 0.006263323854557201, 0.02142139472059426],
      [-0.1354707766483617, -0.1295635303983678, -0.01513872970969287, -0.004346446405555112, -0.08465362592800767, 0.06587652700482993, -0.07582752849634319, 1, 0.1198735223189241, 0.6779512572812381, 0.08619232960752569, 0.0268423552575596],
      [-0.1454105320040873, -0.1008038343774315, 0.01347122451105568, -0.007833332026324637, 0.0357732630337174, 0.01560527735448859, 0.004095113719604488, 0.1198735223189241, 1, 0.1388142055556426, 0.001467327631276146, 0.02140081970278107],
      [-0.09156777826254413, -0.08884725982680826, -0.1199566188722891, -0.1434821376787566, 0.04043639566401483, -0.01685194451599326, 0.05017071256530459, 0.6779512572812381, 0.1388142055556426, 1, 0.08408485607088712, -0.02051072612635665],
      [0.05140420783429878, 0.0237250477791118, 0.009400346854615056, -0.009241243580771835, 0.08638529395736311, 0.01547496645163949, 0.006263323854557201, 0.08619232960752569, 0.001467327631276146, 0.08408485607088712, 1, 0.7033143370573367],
      [0.05129474262543128, 0.02163833694532997, -0.02990272801219063, -0.03184039194435027, 0.02126123958013672, -0.0109412651444762, 0.02142139472059426, 0.0268423552575596, 0.02140081970278107, -0.02051072612635665, 0.7033143370573367, 1]
    ],
    "b": [0.4596962050810794, 0.3958118104486873, -0.338180174954374, -0.2654510494914047, -0.1367331788832708, 0.09969311795729294, 0.0119192982322538, -0.08700589482296185, -0.06023702120921279, -0.1103668023493145, 0.02300797032094213, 0.04565525376345876],
    "n": 200,
    "subsets": [
      1,
      [1, 3],
      [1, 3, 5],
      [1, 2, 3, 4, 5],
      [1, 2, 3, 4, 5, 6, 7, 8, 9, 10, 11, 12]
    ]
  },
  "reference": {
    "beta": [0.5081038282112663, -0.03585037953945554, -0.7055543398000732, 0.3371968170429967, -0.1398182642579544, 0.06740267683544351, -0.07333193425714181, 0.01389749108410175, 0.04046340399318797, -0.1112750544038994, 0.03721572125350124, -0.01440820085462748],
    "r2": 0.4022749141527344,
    "bic_centered": [0, -31.459449869740524, -32.920933831976981, -26.95525794045443, 2.835696166857019]
  }
}
