{
  "meta": {
    "slug": "swap-stepwise-selection-collinear",
    "tier": "full",
    "source": "exhaustive best-subset over BIC(lm), 2^12 subsets",
    "tolerance": {
      "abs": 1e-09,
      "rel": 1e-09
    },
    "seed": 1,
    "generated": "2026-07-05T09:14:47-0600",
    "generator": "equivalence/generate/swap_stepwise_full_oracles.R"
  },
  "inputs": {
    "R": [
      [1, 0.8825855802648872, 0.06816883341951994, 0.08734039442308847, 0.0247096178446648, -0.07412995291326187, -0.004170530369599748, 0.01349269528507961, -0.008012890762403156, -0.029922023358923, 0.03077681182794987, -0.0322128371678505],
      [0.8825855802648872, 1, 0.04849933125168476, 0.0652005992703181, 0.04918405884399343, -0.07363685721741399, -0.02672096720731561, 0.03193335071705544, -0.00504200740193274, -0.004494971552188446, 0.108015046851684, 0.03314145465591496],
      [0.06816883341951994, 0.04849933125168476, 1, 0.9470870940550798, 0.0171762349162513, -0.01017079039995571, 0.04220730583779662, 0.01484651980928666, 0.06548903687912745, -0.07197502351036596, -0.04656862849704697, -0.02714401136841267],
      [0.08734039442308847, 0.0652005992703181, 0.9470870940550798, 1, 0.02870699616942573, -0.01199920252092579, 0.06252174709160177, 0.06360027306543184, 0.06019546878582947, -0.01004067635292392, -0.05473976819146235, -0.02578365033623435],
      [0.0247096178446648, 0.04918405884399343, 0.0171762349162513, 0.02870699616942573, 1, -0.07018591234149026, -0.01402814010995228, 0.1541587831066316, -0.0146525854465212, 0.1914551899971115, 0.08974419489160529, -0.03457955016919782],
      [-0.07412995291326187, -0.07363685721741399, -0.01017079039995571, -0.01199920252092579, -0.07018591234149026, 1, 0.08832489950290914, 0.08084952051726983, -0.0629551651891794, 0.04478608069680542, 0.01504776581592537, 0.00571778966427139],
      [-0.004170530369599748, -0.02672096720731561, 0.04220730583779662, 0.06252174709160177, -0.01402814010995228, 0.08832489950290914, 1, -0.0633854680715311, -0.02585712481012768, -0.01991323059062745, -0.09300783278934409, -0.02859135808148767],
      [0.01349269528507961, 0.03193335071705544, 0.01484651980928666, 0.06360027306543184, 0.1541587831066316, 0.08084952051726983, -0.0633854680715311, 1, -0.05214205851658795, 0.7132885285424223, 0.05987792146867688, 0.03109690639314273],
      [-0.008012890762403156, -0.00504200740193274, 0.06548903687912745, 0.06019546878582947, -0.0146525854465212, -0.0629551651891794, -0.02585712481012768, -0.05214205851658795, 1, -0.08018941907032144, 0.02127724394973024, 0.06402413696576241],
      [-0.029922023358923, -0.004494971552188446, -0.07197502351036596, -0.01004067635292392, 0.1914551899971115, 0.04478608069680542, -0.01991323059062745, 0.7132885285424223, -0.08018941907032144, 1, 0.000672213873864927, 0.04717371223150974],
      [0.03077681182794987, 0.108015046851684, -0.04656862849704697, -0.05473976819146235, 0.08974419489160529, 0.01504776581592537, -0.09300783278934409, 0.05987792146867688, 0.02127724394973024, 0.000672213873864927, 1, 0.6843534915217918],
      [-0.0322128371678505, 0.03314145465591496, -0.02714401136841267, -0.02578365033623435, -0.03457955016919782, 0.00571778966427139, -0.02859135808148767, 0.03109690639314273, 0.06402413696576241, 0.04717371223150974, 0.6843534915217918, 1]
    ],
    "b": [0.3900441335777444, 0.3925903912158798, -0.2603944835989708, -0.282453754586354, -0.2714537857832123, 0.04099268371495524, -0.05434689777883153, -0.1048843000115703, 0.01383191788111448, -0.05283312992960135, 0.008967101961664054, -0.02026554612129557],
    "n": 200
  },
  "reference": {
    "selected": [0, 1, 0, 1, 1, 0, 0, 0, 0, 0, 0, 0]
  }
}
